A:
11944.000000 2420.000000 3215.000000 8388.000000 
7009.000000 6965.000000 5768.000000 5606.000000 
16267.000000 4122.000000 6184.000000 334.000000 
4456.000000 9760.000000 10775.000000 11817.000000 

B:
11944.000000 2420.000000 3215.000000 8388.000000 
7009.000000 6965.000000 5768.000000 5606.000000 
16267.000000 4122.000000 6184.000000 334.000000 
4456.000000 9760.000000 10775.000000 11817.000000 

C:
249296249.000000 140878890.000000 162620780.000000 213947598.000000 
251341573.000000 143963261.000000 158782017.000000 166009896.000000 
325267578.000000 96826158.000000 117914807.000000 165567862.000000 
349563781.000000 238510390.000000 264582495.000000 235331827.000000 

sub_A:
11944.000000 2420.000000 3215.000000 8388.000000 

sub_B:
11944.000000 2420.000000 3215.000000 8388.000000 

sub_A_A:
11944.000000 

sub_C_Step:
142659136.000000 28904480.000000 38399960.000000 100186272.000000 

cur sub_C:
0.000000 0.000000 0.000000 0.000000 

after sum sub_C:
142659136.000000 28904480.000000 38399960.000000 100186272.000000 

Rxed:
4456.000000 9760.000000 10775.000000 11817.000000 

sub_A_A:
8388.000000 

sub_C_Step:
37376928.000000 81866880.000000 90380700.000000 99120996.000000 

cur sub_C:
142659136.000000 28904480.000000 38399960.000000 100186272.000000 

after sum sub_C:
180036064.000000 110771360.000000 128780660.000000 199307268.000000 

Rxed:
16267.000000 4122.000000 6184.000000 334.000000 

sub_A_A:
3215.000000 

sub_C_Step:
52298405.000000 13252230.000000 19881560.000000 1073810.000000 

cur sub_C:
180036064.000000 110771360.000000 128780660.000000 199307268.000000 

after sum sub_C:
232334469.000000 124023590.000000 148662220.000000 200381078.000000 

Rxed:
7009.000000 6965.000000 5768.000000 5606.000000 

sub_A_A:
2420.000000 

sub_C_Step:
16961780.000000 16855300.000000 13958560.000000 13566520.000000 

cur sub_C:
232334469.000000 124023590.000000 148662220.000000 200381078.000000 

after sum sub_C:
249296249.000000 140878890.000000 162620780.000000 213947598.000000 

Rxed:
11944.000000 2420.000000 3215.000000 8388.000000 

sub_C:
249296249.000000 140878890.000000 162620780.000000 213947598.000000 

matC:
249296249.000000 140878890.000000 162620780.000000 213947598.000000 
251341573.000000 143963261.000000 158782017.000000 166009896.000000 
325267578.000000 96826158.000000 117914807.000000 165567862.000000 
349563781.000000 238510390.000000 264582495.000000 235331827.000000 

