A:
1.000000 4.000000 3.000000 6.000000 
0.000000 4.000000 7.000000 5.000000 
0.000000 3.000000 8.000000 7.000000 
2.000000 7.000000 1.000000 2.000000 

B:
10.000000 4.000000 12.000000 9.000000 
3.000000 4.000000 1.000000 2.000000 
12.000000 0.000000 8.000000 1.000000 
2.000000 1.000000 13.000000 8.000000 

C:
70.000000 26.000000 118.000000 68.000000 
106.000000 21.000000 125.000000 55.000000 
119.000000 19.000000 158.000000 70.000000 
57.000000 38.000000 65.000000 49.000000 

sub_A:
1.000000 4.000000 3.000000 6.000000 

sub_B:
10.000000 4.000000 12.000000 9.000000 

sub_A_A:
1.000000 

sub_C_Step:
10.000000 4.000000 12.000000 9.000000 

cur sub_C:
0.000000 0.000000 0.000000 0.000000 

after sum sub_C:
10.000000 4.000000 12.000000 9.000000 

Rxed:
2.000000 1.000000 13.000000 8.000000 

sub_A_A:
6.000000 

sub_C_Step:
12.000000 6.000000 78.000000 48.000000 

cur sub_C:
10.000000 4.000000 12.000000 9.000000 

after sum sub_C:
22.000000 10.000000 90.000000 57.000000 

Rxed:
12.000000 0.000000 8.000000 1.000000 

sub_A_A:
3.000000 

sub_C_Step:
36.000000 0.000000 24.000000 3.000000 

cur sub_C:
22.000000 10.000000 90.000000 57.000000 

after sum sub_C:
58.000000 10.000000 114.000000 60.000000 

Rxed:
3.000000 4.000000 1.000000 2.000000 

sub_A_A:
4.000000 

sub_C_Step:
12.000000 16.000000 4.000000 8.000000 

cur sub_C:
58.000000 10.000000 114.000000 60.000000 

after sum sub_C:
70.000000 26.000000 118.000000 68.000000 

Rxed:
10.000000 4.000000 12.000000 9.000000 

sub_C:
70.000000 26.000000 118.000000 68.000000 

matC:
70.000000 26.000000 118.000000 68.000000 
106.000000 21.000000 125.000000 55.000000 
119.000000 19.000000 158.000000 70.000000 
57.000000 38.000000 65.000000 49.000000 

